image_width: 640
image_height: 480
camera_name: narrow_stereo
camera_matrix:
  rows: 3
  cols: 3
  data: [792.427935, 0.000000, 291.847043, 0.000000, 791.931607, 199.307019, 0.000000, 0.000000, 1.000000]
distortion_model: plumb_bob
distortion_coefficients:
  rows: 1
  cols: 5
  data: [0.248448, -0.780443, 0.000871, 0.004436, 0.000000]
rectification_matrix:
  rows: 3
  cols: 3
  data: [1.000000, 0.000000, 0.000000, 0.000000, 1.000000, 0.000000, 0.000000, 0.000000, 1.000000]
projection_matrix:
  rows: 3
  cols: 4
  data: [808.562744, 0.000000, 293.428808, 0.000000, 0.000000, 809.542542, 199.434199, 0.000000, 0.000000, 0.000000, 1.000000, 0.000000]
